 &plot nbnd=   8, nks=   151 /
           -1.000000  0.500000  0.000000
   -1.446   -1.445    2.357    2.357   10.483   10.483   11.211   11.211
           -0.966667  0.483333  0.000000
   -1.607   -1.288    2.258    2.477   10.373   10.460   11.088   11.493
           -0.933333  0.466667  0.000000
   -1.785   -1.120    2.192    2.608   10.273   10.305   10.977   11.932
           -0.900000  0.450000  0.000000
   -1.976   -0.943    2.159    2.748   10.125   10.183   10.877   12.421
           -0.866667  0.433333  0.000000
   -2.178   -0.756    2.155    2.897    9.945   10.104   10.789   12.935
           -0.833333  0.416667  0.000000
   -2.388   -0.559    2.180    3.054    9.771   10.038   10.711   13.463
           -0.800000  0.400000  0.000000
   -2.603   -0.354    2.230    3.217    9.607    9.984   10.643   14.000
           -0.766667  0.383333  0.000000
   -2.820   -0.138    2.303    3.386    9.454    9.946   10.583   14.311
           -0.733333  0.366667  0.000000
   -3.038    0.086    2.397    3.560    9.313    9.923   10.531   13.960
           -0.700000  0.350000 -0.000000
   -3.254    0.321    2.510    3.737    9.183    9.917   10.485   13.615
           -0.666667  0.333333  0.000000
   -3.466    0.564    2.640    3.915    9.065    9.928   10.444   13.278
           -0.633333  0.316667 -0.000000
   -3.672    0.817    2.786    4.094    8.959    9.956   10.407   12.949
           -0.600000  0.300000  0.000000
   -3.873    1.079    2.945    4.271    8.866   10.001   10.375   12.627
           -0.566667  0.283333  0.000000
   -4.066    1.350    3.118    4.446    8.785   10.056   10.352   12.314
           -0.533333  0.266667  0.000000
   -4.250    1.630    3.302    4.616    8.716   10.102   10.353   12.010
           -0.500000  0.250000  0.000000
   -4.426    1.919    3.497    4.782    8.659   10.109   10.409   11.714
           -0.466667  0.233333  0.000000
   -4.593    2.216    3.700    4.941    8.614   10.074   10.517   11.426
           -0.433333  0.216667  0.000000
   -4.749    2.521    3.911    5.094    8.581   10.015   10.658   11.148
           -0.400000  0.200000  0.000000
   -4.895    2.835    4.129    5.238    8.560    9.939   10.815   10.879
           -0.366667  0.183333  0.000000
   -5.031    3.155    4.351    5.375    8.550    9.852   10.619   10.976
           -0.333333  0.166667  0.000000
   -5.155    3.482    4.576    5.504    8.550    9.755   10.368   11.121
           -0.300000  0.150000 -0.000000
   -5.268    3.813    4.802    5.623    8.559    9.651   10.128   11.211
           -0.266667  0.133333 -0.000000
   -5.370    4.149    5.026    5.735    8.577    9.542    9.899   11.195
           -0.233333  0.116667  0.000000
   -5.460    4.486    5.245    5.836    8.602    9.431    9.681   11.044
           -0.200000  0.100000  0.000000
   -5.539    4.821    5.456    5.928    8.633    9.320    9.478   10.792
           -0.166667  0.083333 -0.000000
   -5.605    5.149    5.654    6.009    8.666    9.210    9.290   10.494
           -0.133333  0.066667  0.000000
   -5.660    5.462    5.834    6.079    8.699    9.102    9.123   10.195
           -0.100000  0.050000  0.000000
   -5.702    5.748    5.987    6.135    8.730    8.980    8.994    9.929
           -0.066667  0.033333 -0.000000
   -5.732    5.987    6.107    6.176    8.754    8.870    8.890    9.724
           -0.033333  0.016667 -0.000000
   -5.751    6.151    6.184    6.202    8.770    8.800    8.808    9.598
            0.000000  0.000000  0.000000
   -5.757    6.210    6.210    6.210    8.776    8.776    8.776    9.556
           -0.033333  0.000000  0.000000
   -5.752    6.176    6.189    6.189    8.763    8.803    8.803    9.589
           -0.066667  0.000000  0.000000
   -5.737    6.080    6.128    6.128    8.728    8.881    8.881    9.683
           -0.100000  0.000000  0.000000
   -5.713    5.929    6.034    6.034    8.670    9.005    9.005    9.827
           -0.133333  0.000000  0.000000
   -5.679    5.738    5.916    5.916    8.593    9.165    9.165   10.004
           -0.166667  0.000000  0.000000
   -5.635    5.515    5.780    5.780    8.501    9.355    9.355   10.197
           -0.200000  0.000000  0.000000
   -5.582    5.270    5.633    5.633    8.396    9.566    9.566   10.385
           -0.233333  0.000000  0.000000
   -5.519    5.010    5.481    5.481    8.283    9.796    9.796   10.539
           -0.266667  0.000000  0.000000
   -5.446    4.737    5.325    5.325    8.163   10.039   10.039   10.626
           -0.300000  0.000000  0.000000
   -5.364    4.457    5.170    5.170    8.040   10.294   10.294   10.615
           -0.333333  0.000000  0.000000
   -5.272    4.170    5.017    5.017    7.916   10.506   10.557   10.557
           -0.366667  0.000000  0.000000
   -5.171    3.879    4.867    4.867    7.793   10.324   10.829   10.829
           -0.400000  0.000000  0.000000
   -5.061    3.585    4.722    4.722    7.673   10.099   11.107   11.107
           -0.433333  0.000000  0.000000
   -4.941    3.288    4.581    4.581    7.557    9.853   11.390   11.390
           -0.466667  0.000000  0.000000
   -4.812    2.990    4.447    4.447    7.446    9.599   11.677   11.677
           -0.500000  0.000000  0.000000
   -4.674    2.691    4.320    4.320    7.342    9.345   11.969   11.969
           -0.533333  0.000000  0.000000
   -4.527    2.392    4.199    4.199    7.244    9.096   12.264   12.264
           -0.566667  0.000000  0.000000
   -4.371    2.092    4.086    4.086    7.154    8.856   12.563   12.563
           -0.600000  0.000000  0.000000
   -4.206    1.793    3.980    3.980    7.073    8.627   12.864   12.864
           -0.633333  0.000000  0.000000
   -4.033    1.494    3.882    3.882    7.001    8.409   13.169   13.169
           -0.666667  0.000000  0.000000
   -3.851    1.197    3.792    3.792    6.939    8.204   13.475   13.475
           -0.700000  0.000000  0.000000
   -3.661    0.902    3.710    3.710    6.886    8.013   13.784   13.784
           -0.733333  0.000000  0.000000
   -3.463    0.608    3.636    3.636    6.844    7.836   14.096   14.096
           -0.766667  0.000000  0.000000
   -3.256    0.318    3.571    3.571    6.813    7.672   14.409   14.409
           -0.800000  0.000000  0.000000
   -3.042    0.030    3.515    3.515    6.792    7.523   14.723   14.723
           -0.833333  0.000000  0.000000
   -2.821   -0.254    3.466    3.466    6.784    7.388   15.038   15.038
           -0.866667  0.000000  0.000000
   -2.592   -0.535    3.427    3.427    6.787    7.267   15.351   15.351
           -0.900000  0.000000  0.000000
   -2.356   -0.811    3.396    3.396    6.802    7.161   15.659   15.659
           -0.933333  0.000000  0.000000
   -2.114   -1.082    3.374    3.374    6.829    7.068   15.953   15.953
           -0.966667  0.000000  0.000000
   -1.865   -1.349    3.361    3.361    6.869    6.988   16.201   16.201
           -1.000000  0.000000  0.000000
   -1.610   -1.609    3.357    3.357    6.922    6.922   16.315   16.315
           -1.000000  0.016667  0.000000
   -1.609   -1.609    3.353    3.353    6.929    6.929   16.304   16.304
           -1.000000  0.033333  0.000000
   -1.608   -1.608    3.342    3.342    6.949    6.949   16.271   16.271
           -1.000000  0.050000  0.000000
   -1.606   -1.606    3.324    3.324    6.982    6.983   16.211   16.211
           -1.000000  0.066667  0.000000
   -1.603   -1.603    3.299    3.299    7.029    7.029   16.124   16.124
           -1.000000  0.083333  0.000000
   -1.600   -1.599    3.268    3.268    7.087    7.087   16.007   16.007
           -1.000000  0.100000  0.000000
   -1.595   -1.595    3.232    3.232    7.157    7.157   15.863   15.864
           -1.000000  0.116667  0.000000
   -1.590   -1.590    3.192    3.192    7.237    7.237   15.698   15.699
           -1.000000  0.133333  0.000000
   -1.585   -1.584    3.147    3.147    7.328    7.328   15.517   15.517
           -1.000000  0.150000  0.000000
   -1.578   -1.578    3.100    3.100    7.427    7.428   15.324   15.324
           -1.000000  0.166667  0.000000
   -1.572   -1.571    3.051    3.051    7.536    7.536   15.122   15.123
           -1.000000  0.183333  0.000000
   -1.564   -1.564    3.000    3.000    7.652    7.652   14.915   14.915
           -1.000000  0.200000  0.000000
   -1.557   -1.556    2.948    2.948    7.775    7.775   14.704   14.704
           -1.000000  0.216667  0.000000
   -1.549   -1.548    2.896    2.896    7.905    7.905   14.489   14.490
           -1.000000  0.233333  0.000000
   -1.540   -1.540    2.844    2.844    8.041    8.041   14.273   14.273
           -1.000000  0.250000  0.000000
   -1.532   -1.531    2.793    2.793    8.182    8.183   14.056   14.056
           -1.000000  0.266667  0.000000
   -1.523   -1.523    2.743    2.743    8.329    8.329   13.839   13.839
           -1.000000  0.283333  0.000000
   -1.515   -1.514    2.695    2.695    8.481    8.481   13.622   13.622
           -1.000000  0.300000  0.000000
   -1.506   -1.506    2.649    2.649    8.637    8.637   13.405   13.405
           -1.000000  0.316667  0.000000
   -1.498   -1.497    2.605    2.606    8.797    8.797   13.189   13.189
           -1.000000  0.333333  0.000000
   -1.490   -1.490    2.565    2.565    8.961    8.961   12.974   12.974
           -1.000000  0.350000  0.000000
   -1.482   -1.482    2.527    2.527    9.128    9.128   12.761   12.761
           -1.000000  0.366667  0.000000
   -1.475   -1.475    2.492    2.493    9.298    9.298   12.550   12.551
           -1.000000  0.383333  0.000000
   -1.469   -1.468    2.461    2.462    9.470    9.470   12.342   12.342
           -1.000000  0.400000  0.000000
   -1.463   -1.463    2.434    2.434    9.644    9.644   12.137   12.137
           -1.000000  0.416667  0.000000
   -1.458   -1.457    2.411    2.411    9.818    9.818   11.936   11.937
           -1.000000  0.433333  0.000000
   -1.454   -1.453    2.392    2.392    9.991    9.991   11.742   11.742
           -1.000000  0.450000  0.000000
   -1.450   -1.450    2.376    2.377   10.158   10.158   11.558   11.558
           -1.000000  0.466667  0.000000
   -1.448   -1.447    2.366    2.366   10.312   10.312   11.392   11.392
           -1.000000  0.483333  0.000000
   -1.446   -1.446    2.359    2.359   10.434   10.434   11.263   11.264
           -1.000000  0.500000  0.000000
   -1.446   -1.445    2.357    2.357   10.483   10.483   11.211   11.211
           -0.983333  0.500000  0.016667
   -1.555   -1.338    2.280    2.443   10.392   10.545   11.144   11.318
           -0.966667  0.500000  0.033333
   -1.664   -1.233    2.213    2.536   10.288   10.552   11.143   11.446
           -0.950000  0.500000  0.050000
   -1.773   -1.132    2.157    2.636   10.183   10.499   11.210   11.587
           -0.933333  0.500000  0.066667
   -1.881   -1.035    2.114    2.741   10.079   10.412   11.322   11.736
           -0.916667  0.500000  0.083333
   -1.987   -0.945    2.085    2.852    9.979   10.309   11.460   11.891
           -0.900000  0.500000  0.100000
   -2.091   -0.863    2.072    2.966    9.884   10.200   11.613   12.052
           -0.883333  0.500000  0.116667
   -2.193   -0.790    2.076    3.084    9.795   10.090   11.776   12.216
           -0.866667  0.500000  0.133333
   -2.292   -0.728    2.098    3.204    9.713    9.980   11.948   12.384
           -0.850000  0.500000  0.150000
   -2.388   -0.676    2.140    3.325    9.637    9.873   12.127   12.556
           -0.833333  0.500000  0.166667
   -2.480   -0.636    2.200    3.448    9.569    9.768   12.313   12.729
           -0.816667  0.500000  0.183333
   -2.569   -0.606    2.279    3.571    9.508    9.665   12.506   12.905
           -0.800000  0.500000  0.200000
   -2.654   -0.587    2.376    3.694    9.455    9.565   12.703   13.081
           -0.783333  0.500000  0.216667
   -2.735   -0.577    2.489    3.815    9.410    9.467   12.764   12.908
           -0.766667  0.500000  0.233333
   -2.812   -0.575    2.617    3.934    9.371    9.374   12.440   13.117
           -0.750000  0.500000  0.250000
   -2.884   -0.579    2.759    4.051    9.276    9.346   12.123   13.331
           -0.733333  0.500000  0.266667
   -2.953   -0.588    2.913    4.163    9.182    9.326   11.814   13.551
           -0.716667  0.500000  0.283333
   -3.017   -0.601    3.077    4.272    9.088    9.315   11.516   13.775
           -0.700000  0.500000  0.300000
   -3.076   -0.616    3.249    4.375    8.993    9.312   11.230   14.004
           -0.683333  0.500000  0.316667
   -3.131   -0.633    3.427    4.472    8.894    9.317   10.959   14.194
           -0.666667  0.500000  0.333333
   -3.182   -0.651    3.611    4.562    8.791    9.330   10.707   14.285
           -0.650000  0.500000  0.350000
   -3.227   -0.669    3.798    4.645    8.682    9.349   10.475   14.335
           -0.633333  0.500000  0.366667
   -3.268   -0.687    3.985    4.721    8.564    9.373   10.268   14.342
           -0.616667  0.500000  0.383333
   -3.305   -0.703    4.170    4.788    8.439    9.401   10.088   14.310
           -0.600000  0.500000  0.400000
   -3.336   -0.718    4.351    4.847    8.307    9.432    9.936   14.250
           -0.583333  0.500000  0.416667
   -3.363   -0.731    4.522    4.897    8.172    9.463    9.812   14.176
           -0.566667  0.500000  0.433333
   -3.385   -0.742    4.678    4.938    8.041    9.492    9.715   14.102
           -0.550000  0.500000  0.450000
   -3.402   -0.751    4.814    4.970    7.923    9.517    9.642   14.035
           -0.533333  0.500000  0.466667
   -3.414   -0.757    4.919    4.992    7.827    9.537    9.593   13.983
           -0.516667  0.500000  0.483333
   -3.421   -0.761    4.987    5.006    7.765    9.550    9.564   13.950
           -0.500000  0.500000  0.500000
   -3.423   -0.762    5.011    5.011    7.743    9.554    9.554   13.939
           -0.483333  0.483333  0.483333
   -3.439   -0.739    5.013    5.013    7.745    9.557    9.557   13.942
           -0.466667  0.466667  0.466667
   -3.486   -0.673    5.019    5.019    7.752    9.563    9.563   13.953
           -0.450000  0.450000  0.450000
   -3.558   -0.566    5.029    5.029    7.763    9.575    9.575   13.970
           -0.433333  0.433333  0.433333
   -3.650   -0.425    5.043    5.043    7.779    9.590    9.590   13.993
           -0.416667  0.416667  0.416667
   -3.758   -0.256    5.061    5.061    7.800    9.609    9.609   14.021
           -0.400000  0.400000  0.400000
   -3.875   -0.064    5.083    5.083    7.825    9.630    9.630   14.051
           -0.383333  0.383333  0.383333
   -3.999    0.148    5.108    5.108    7.854    9.653    9.653   14.080
           -0.366667  0.366667  0.366667
   -4.125    0.377    5.138    5.138    7.888    9.677    9.677   14.102
           -0.350000  0.350000  0.350000
   -4.253    0.619    5.172    5.172    7.926    9.700    9.700   14.106
           -0.333333  0.333333  0.333333
   -4.379    0.874    5.209    5.209    7.968    9.721    9.721   14.076
           -0.316667  0.316667  0.316667
   -4.503    1.139    5.250    5.250    8.014    9.737    9.737   13.989
           -0.300000  0.300000  0.300000
   -4.623    1.413    5.295    5.295    8.064    9.747    9.747   13.815
           -0.283333  0.283333  0.283333
   -4.739    1.696    5.344    5.344    8.118    9.749    9.749   13.630
           -0.266667  0.266667  0.266667
   -4.850    1.985    5.395    5.395    8.175    9.740    9.740   13.384
           -0.250000  0.250000  0.250000
   -4.956    2.282    5.450    5.450    8.234    9.719    9.719   13.116
           -0.233333  0.233333  0.233333
   -5.057    2.583    5.508    5.508    8.297    9.685    9.685   12.834
           -0.216667  0.216667  0.216667
   -5.151    2.890    5.568    5.568    8.361    9.637    9.637   12.544
           -0.200000  0.200000  0.200000
   -5.239    3.200    5.630    5.630    8.426    9.576    9.576   12.248
           -0.183333  0.183333  0.183333
   -5.320    3.513    5.695    5.695    8.492    9.504    9.504   11.949
           -0.166667  0.166667  0.166667
   -5.395    3.828    5.760    5.760    8.558    9.423    9.423   11.649
           -0.150000  0.150000  0.150000
   -5.463    4.143    5.825    5.825    8.621    9.336    9.336   11.350
           -0.133333  0.133333  0.133333
   -5.525    4.455    5.889    5.889    8.681    9.245    9.245   11.053
           -0.116667  0.116667  0.116667
   -5.579    4.764    5.952    5.952    8.736    9.155    9.155   10.763
           -0.100000  0.100000  0.100000
   -5.626    5.064    6.012    6.012    8.782    9.068    9.068   10.483
           -0.083333  0.083333  0.083333
   -5.666    5.351    6.066    6.066    8.817    8.987    8.987   10.222
           -0.066667  0.066667  0.066667
   -5.698    5.617    6.115    6.115    8.836    8.916    8.916    9.990
           -0.050000  0.050000  0.050000
   -5.724    5.852    6.155    6.155    8.834    8.857    8.857    9.798
           -0.033333  0.033333  0.033333
   -5.742    6.041    6.185    6.185    8.812    8.812    8.814    9.661
           -0.016667  0.016667  0.016667
   -5.753    6.166    6.204    6.204    8.785    8.785    8.788    9.581
            0.000000  0.000000  0.000000
   -5.757    6.210    6.210    6.210    8.776    8.776    8.776    9.556
